-133.51  -38.00  450.50 -7.93  -39.32  -173.26
-197.03  -73.90  627.83 12.68  -14.31  -159.75
-194.49  -86.69  622.38 10.73  -14.35  -159.37
-193.53  -96.81  622.54 9.59  -13.27  -161.59
-191.90  -103.16  621.66 9.29  -9.14  -164.54
-189.16  -105.96  620.41 9.50  -4.69  -166.23
-186.47  -107.07  620.36 10.25  -2.34  -167.91
-185.24  -107.09  619.59 11.49  -1.35  -169.34
-184.70  -106.48  618.26 12.86  -0.34  -170.18
-184.32  -105.36  618.05 13.67  1.10  -170.11
-184.47  -102.66  625.47 12.29  4.66  -171.27
-184.95  -101.46  628.75 10.95  6.38  -172.80
-185.49  -100.82  630.00 10.12  7.92  -173.56
-185.37  -100.41  628.26 9.80  9.35  -174.20
-182.84  -97.07  619.08 10.45  11.61  -173.89
-182.09  -92.97  619.14 11.31  12.02  -173.28
-182.18  -88.26  624.92 11.79  11.63  -173.11
-182.12  -84.12  631.74 11.15  11.34  -173.95
-182.26  -80.47  637.25 10.45  11.20  -174.90
-182.38  -77.95  641.03 10.11  10.91  -175.52
-181.87  -76.06  646.31 10.31  8.60  -176.44
-180.96  -75.31  648.76 10.33  7.23  -176.75
-179.98  -73.84  653.94 10.45  5.24  -177.33
-179.13  -71.95  656.83 10.33  4.26  -179.70
-178.59  -70.49  655.29 10.28  5.54  178.35
-179.31  -70.74  654.03 10.07  7.29  177.37
-178.55  -71.26  644.50 9.67  10.48  176.80
-176.05  -70.13  630.30 9.61  13.27  177.18
-175.57  -66.92  626.92 11.08  12.99  178.98
-176.75  -66.06  632.70 11.30  9.57  177.44
-177.65  -66.79  639.41 10.72  6.13  174.29
-179.08  -69.09  646.44 9.85  3.55  172.07
-178.86  -71.59  647.73 8.88  2.60  170.42
-177.36  -73.35  643.16 8.28  2.17  168.78
-175.94  -73.92  636.53 7.78  1.14  167.17
-176.20  -73.45  631.63 6.10  0.83  166.94
-177.19  -72.00  627.03 4.02  1.32  167.82
-177.86  -69.37  621.07 1.92  2.01  168.44
-178.67  -66.84  616.37 0.36  1.19  168.84
-178.87  -64.88  610.79 -1.10  -0.85  168.55
-180.22  -64.48  610.04 -1.99  -2.20  169.13
-179.90  -64.85  607.42 -2.47  -2.74  169.45
-178.87  -65.57  605.36 -2.35  -2.66  169.66
-177.28  -66.16  603.65 -1.80  -2.70  169.20
-175.69  -66.93  602.88 -1.30  -2.98  168.78
-174.29  -68.00  603.02 -0.88  -4.58  168.45
-172.99  -69.09  601.82 -0.22  -4.21  168.71
-172.03  -70.68  601.73 0.17  -4.12  168.14
-171.10  -71.71  602.77 0.77  -4.03  168.16
-169.58  -72.54  602.57 1.28  -2.56  167.94
-168.86  -73.14  605.78 1.95  -1.73  167.11
-168.03  -73.50  608.43 2.46  -0.59  166.30
-167.44  -73.69  610.36 2.80  0.58  165.57
-167.34  -74.02  612.05 2.96  1.48  165.17
-167.69  -74.20  613.66 3.11  1.98  164.94
-168.41  -74.14  615.43 2.95  2.41  165.06
-168.85  -73.50  615.66 2.48  3.03  164.76
-169.71  -72.92  617.60 2.22  2.75  164.53
-169.85  -72.63  616.72 2.02  2.89  164.75
-170.07  -72.24  615.77 1.52  3.15  164.24
-170.40  -72.08  615.34 1.34  2.85  164.20
-170.97  -71.96  616.38 1.42  2.19  164.36
-171.12  -71.48  616.21 1.13  2.14  164.21
-171.32  -71.31  616.58 1.03  1.89  164.32
-171.21  -71.24  615.78 1.01  1.68  164.00
-171.14  -71.14  615.37 0.97  1.60  163.97
-170.69  -70.72  613.76 0.86  1.80  163.57
-170.53  -70.28  613.52 0.99  1.68  163.33
-170.23  -69.82  612.44 1.05  1.85  163.24
-170.03  -69.12  610.59 1.00  1.97  163.14
-170.17  -68.36  609.07 0.94  1.83  163.53
-170.04  -67.50  606.32 0.60  1.76  163.61
-169.74  -66.92  603.64 0.32  1.56  163.58
-169.82  -66.85  603.65 0.40  0.95  164.02
-169.32  -66.71  602.40 0.50  0.91  163.98
-168.93  -66.67  601.97 0.59  0.86  163.92
-168.52  -66.66  601.10 0.68  1.04  163.79
-168.42  -66.68  600.91 0.69  1.11  163.77
-168.48  -66.64  600.96 0.69  1.29  164.02
-168.39  -66.43  600.54 0.59  1.40  163.91
-168.12  -65.97  599.52 0.36  1.78  163.89
-168.22  -65.73  600.33 0.54  1.82  164.03
-168.34  -65.59  600.90 0.47  1.90  163.89
-168.47  -65.54  601.47 0.44  1.92  163.73
-168.46  -65.33  601.01 0.37  2.12  163.61
-168.53  -65.02  600.18 0.02  2.30  163.28
-168.85  -64.53  599.84 -0.07  2.28  163.55
-169.40  -64.22  600.43 -0.23  2.16  163.63
-169.27  -63.51  598.57 -0.54  2.37  163.29
-169.60  -62.84  598.00 -0.75  2.23  163.19
-170.13  -62.30  598.09 -1.14  1.89  163.07
-170.57  -61.93  597.94 -1.37  1.96  163.29
-170.78  -61.63  597.37 -1.55  2.10  163.32
-171.20  -61.39  598.11 -1.61  2.00  163.45
-171.37  -61.00  598.05 -1.87  2.03  163.18
-171.49  -60.62  598.09 -2.02  2.04  162.87
-171.56  -60.33  597.88 -2.25  2.07  162.57
-171.51  -60.16  597.73 -2.39  2.03  162.10
-171.19  -60.05  598.51 -2.59  1.15  161.61
-171.41  -59.85  600.20 -2.75  1.64  161.24
-170.31  -59.44  599.18 -2.90  1.41  160.23
-170.37  -59.27  599.77 -3.04  1.66  159.75
-170.24  -59.04  599.16 -3.15  1.65  159.45
-169.92  -58.62  597.38 -3.30  1.57  159.16
-170.88  -58.39  599.10 -3.54  1.16  159.43
-170.57  -57.93  597.43 -3.78  1.31  159.31
-170.34  -57.67  596.72 -3.85  1.23  159.24
-169.96  -57.44  595.58 -3.84  1.26  159.09
-169.70  -57.31  594.78 -3.82  1.07  159.16
-169.48  -57.12  593.42 -3.88  1.07  159.34
-169.30  -56.86  592.07 -3.94  0.97  159.41
-169.06  -56.52  591.23 -4.07  0.88  159.25
-169.15  -56.39  592.85 -4.11  0.86  158.95
-169.00  -56.41  594.59 -3.98  1.18  158.45
-169.04  -56.58  596.65 -3.88  1.52  157.98
-168.52  -56.57  595.80 -3.76  2.05  157.53
-169.65  -56.64  597.86 -3.92  2.19  157.91
-169.89  -56.16  596.95 -4.23  2.09  157.81
-169.85  -55.50  595.70 -4.52  2.10  157.72
-169.96  -54.96  595.28 -4.73  2.04  157.81
-169.83  -54.51  593.81 -4.87  1.91  157.80
-169.74  -54.13  592.54 -5.00  1.79  157.96
-169.69  -53.86  591.54 -5.10  1.61  158.05
-169.42  -53.49  590.23 -5.24  1.31  157.97
-169.23  -53.05  589.41 -5.50  1.11  157.83
-169.05  -52.59  588.73 -5.78  1.08  157.68
-168.75  -52.12  588.61 -6.01  0.77  157.39
-168.08  -51.62  587.43 -6.17  0.84  157.14
-167.09  -51.14  585.08 -6.26  0.69  157.00
-165.90  -50.50  581.53 -6.38  0.58  156.92
-164.73  -49.67  578.24 -6.60  0.29  156.94
-163.19  -48.68  573.86 -6.88  0.01  156.78
-161.62  -47.74  569.55 -7.05  -0.44  156.73
-159.87  -46.78  564.53 -7.14  -0.84  156.76
-158.12  -45.69  558.77 -7.30  -1.10  156.75
-156.75  -44.60  553.26 -7.35  -1.27  156.92
-155.64  -43.45  547.75 -7.48  -1.48  157.09
-154.90  -42.28  542.68 -7.57  -1.67  157.40
-154.28  -41.08  537.75 -7.71  -1.66  157.69
-153.98  -39.88  533.52 -7.91  -1.71  158.05
-153.92  -38.45  529.77 -8.15  -1.73  158.21
-154.22  -37.33  528.27 -8.17  -1.53  158.37
-154.40  -36.76  528.07 -7.67  -1.40  157.73
-154.73  -35.73  526.31 -7.40  -1.11  156.89
-155.25  -34.74  525.83 -7.13  -1.61  156.77
-154.16  -34.05  523.16 -6.65  -1.15  157.21
-152.55  -32.40  516.78 -7.19  -0.01  158.42
-152.13  -29.48  507.99 -8.89  0.86  159.28
-153.05  -26.54  503.11 -10.61  0.34  159.83
-154.36  -24.57  503.29 -11.73  0.01  159.03
-156.18  -23.39  507.90 -12.50  -0.40  157.04
-157.15  -22.14  507.53 -13.34  -0.78  155.05
-158.74  -20.52  507.36 -14.39  -2.37  154.51
-160.74  -18.43  510.06 -15.58  -4.14  154.25
